"x"
0
0
0
0
0
0
0
1.011111111
0
1.011111111
0
0.070588235
0.020454545
0
0
0
0
0.069076305
1.352363636
0.108527132
0.533898305
0.097209302
0.018125
0
0
0.028780488
0.031242938
0.065848375
0.090948276
0.010465116
0.118857143
0.673127572
0.257363184
0.091772152
0.077806789
0.06191067
0.023544304
0.221724138
0.150976645
0.009348739
0.009813084
0.184552846
0
0
0
0.15245283
0.0643125
0.002068966
0.106511628
0.079137255
0.146057143
0.090238095
0.039779006
0
0
0.54
2.136363636
0.455688623
0.083443709
0.095211931
0.202133333
0.151127248
0.327083926
0.339949239
0.162059238
0.041949153
0.536374269
0.027480916
0.094736842
0.06055409
0.010962241
0.004882459
0.015716753
0.015480844
0.165392781
0.203325062
0.426905405
0.291111111
0.066666667
0
0
0.262777778
0.12221942
0.049036778
0.436330275
0.596467598
0.659408946
0.090307692
0.004186047
0.028928571
0.023595506
0.023622047
0.125628141
0.19943609
0.03427896
0
0.044827586
0.224332978
0.165685019
0.027334852
0.095059289
0.116666667
0.128571429
0
0
4.5
0
0
0
0.001113861
0.03047138
0.11823219
1.114709141
0.024324324
0.029032258
0
7.904761905
15.51
1.50625
0
0.292162471
0.428363047
1.754579327
0.90972389
0.206160164
2.783168317
0.108791209
0.016666667
0.118857143
0.788857143
0.313128492
1.595238095
0.490154832
0.068727705
0.865323295
1.340671866
0.938983051
2.160735294
0.849418605
2.173273942
1.401252485
1.804872979
0.961983914
0.180441176
0.163109244
0.210216867
0.159913169
0.283796296
0.470147059
0.061278195
0.133209877
0.345217391
0.569927536
0.417166213
0.579642857
0
0.0088
0.070673813
0.109037212
0.248133117
0.189528796
0.182102908
0.180782918
0.105
0.093534483
0.049183168
0.128571429
0.124657534
0.011057063
0.053042825
0.045619377
0.015337838
0.093243243
0.065870253
0.59695122
0.174147217
0.147444853
0.185259631
0.003454894
0.012438017
0.078146194
0.040836744
0.659829932
0.274007308
0.033032407
0.005454545
0.028913738
0.143980738
0.086188198
0.192196007
0.680822368
0.046666667
0.246576217
0.063944954
0.086054502
0.344448399
0.124617068
0.058551618
0.056195965
0.086009539
0.003030303
0.075616438
0.158762887
0
0.009863014
0.034676664
1.691892265
0.965720772
0.367764901
0.135444744
0.090819672
0.045139057
0.126878981
0.577701544
0.067669173
0
0.136821705
0.120535714
0.215384615
0.599130435
0.818909314
0.753155761
0.288888889
0.213795732
0.256349206
0.113452915
0.14452381
0.029411765
0.254602273
0.599594203
0.267996795
0.320151515
0.190295359
0.322791328
0.087894737
0.392137097
0.039919355
0.249093904
0.125054945
0.015882353
0.268651832
0.115363512
0.185011211
0.167857143
0.35670904
0.059278132
0.124992413
0.104353982
0.052134146
0.1637583
0.218441065
0.023195876
0.101011628
0.118476728
0.709558999
1.005776031
0.598100775
0.330615385
0.199559471
0.245370986
1.12629703
0.350373626
0.135704846
0.099068826
0.163014019
0.390649038
0.374344978
0.223242754
0.074561404
0.208968153
0.052099872
0.094401544
0.054204322
0.11580574
0.082404372
0.003578529
0.020564024
0.172551834
0.157332625
0.045622837
0.038022814
0.151243094
0.267938389
0.00974026
0.137068966
0.018047809
0
0.021400359
0.013656174
0.147160494
0.716345515
1.290107759
0.424676113
0.389292308
0.094868805
0.243348416
0.131126761
0.195903614
0.151711712
0.035480769
0.034600639
0.105873786
0.438005952
0.31201278
0.094825784
0.142834646
0.022934233
0.020652174
0.143617021
0.021973094
0.004713376
0.296888412
0.026194539
0.069130435
0
0.02714747
0
0.05634592
0
0
0.00600823
0.005399568
0.02483023
0
0.00693816
0.14571599
0.06426025
0.068528678
0.072152466
0.013151093
0.004062851
0.006007067
0.063006231
0.122014184
0.021758569
0.087804878
0.070889894
0.03781279
0.031583012
0.107371601
0.068660907
0.002389381
0.013682842
0.015355575
0.050790021
0.048091603
0.002924348
0.003128621
0.009749104
0.495253078
0.059108341
0.068706257
1.668091518
1.16926259
0.158965142
0.156889279
0.07443038
0.439208511
0.157336
0.027120253
0.022800954
0.093781991
0.789165247
0.168513674
0.037846013
0.002373159
0
0.005375427
0.005778078
0.019958848
0.144939655
0.033786408
0.112632525
0.255595568
0.026918403
0.23423445
0.102708978
0.163392484
0.015540309
0.035834334
0.010374574
0.204023904
0.033657289
0.031576227
0.102361863
0.005011086
0.042437059
0.042938816
0.015995423
0.029780622
0.16581861
0.228951487
0.130366089
0.44125323
0.157745995
0.1426498
0.068924731
0.145577731
0.185532946
0.25352988
0.083916155
0.018022493
0.039198218
0.187712575
0.110017271
0.010508287
0.053074753
0.02201232
0.036608863
0.045359281
0.005472155
0.136181607
0.011657459
0.05458194
0.192076412
0.235952381
0.020759717
0.031163793
0.078081571
0.035240275
0.004972578
0.0626603
0.092672872
0.250487805
0.16677761
0.050773333
0.720984743
0.118106383
0.071751085
0.079346642
0
0.008321799
0.042190612
0.419162562
0.519771689
0.820305851
0.664642857
0.129483204
0.449235808
0.156883562
0.242418699
0.199600798
0.054485981
0.10184669
0.142622036
0.09049676
0.045594406
0.153001876
0.455365297
0.250848214
0.367556818
0.312078273
0.546412429
0.173110048
0.228499299
0.040378289
0.06125
0.157844113
0.685709024
1.09375
1.630177936
1.113391685
0.841078838
1.454517766
0.523983254
1.227846939
0.55950495
0.870501475
0.13253012
1.289978448
0.77530303
0.977291471
0.664272541
0.194329389
0.094510035
0.182155907
0.128370672
0.067988166
0.026126316
2.255785124
0.797031093
0.099433498
0.140439914
0.065442478
0.069977925
0.129837398
0.184899225
0.103472669
0.047241771
0.12276958
0.107931034
0
0.037974684
0.018492176
0.088071349
0.04964539
0.01653944
0.186544343
0.015873016
0.003802281
0.225433526
0.008226691
0.103370787
0.0225
0.051428571
0.323216995
0.480597015
0.355742297
0.266304348
0.296717172
0.044291339
0.095180723
0.025945946
0.103697749
0.110599078
0.235616438
0.041031653
0.155330882
0.206473214
1.494335736
0.174632353
0.313548387
0.095852535
0.069051581
0.097413793
0.211399711
0.274754098
0.00617284
0.378832839
1.956388676
1.810569664
0.864275668
0.612264151
0.540178571
0.307251908
0.873485868
0.450375313
0.813043478
0.845918367
0.784380306
1.261034048
0.606087735
0.244609164
1.634748272
1.498755187
0.694023194
0.73876698
0.449799197
1.420487805
0.976457399
0.553268765
2.913793103
0.687951807
1.366057839
0.712107623
1.484175084
1.191310441
2.081475129
0.971500419
1.867021277
0.411003236
0.307813733
0.087542088
2.7125
0.140106952
0.229055556
0.38697318
0.53877551
1.032482599
0.604938272
1.795486601
0.316375199
0.329956585
0.293785311
0.746268657
0.028901734
1.196969697
0.450393701
0.277705346
0.307366638
0.217532468
0.381991814
0.766609881
0.007792208
0.132547865
0.063175395
0.164116829
0
1.304891923
0.632705479
0.411385607
0.141235813
1.079387187
1.830985915
0.34047619
1.582938389
0.725581395
1.533678756
0.828054299
1.554140127
0.050870147
0.036363636
0.6889332
0.355992844
0.010407632
0.078921079
0.548598131
0.034782609
0.582089552
0.297021277
0.331723027
0.012307692
0.009756098
0.115483319
0.061611374
0.288093256
0.142857143
0.539497307
0.128968254
0.060702875
0.027595269
0.038327526
0.046892039
0.086734694
0.124098124
0.031180401
0.232657417
0.831055901
0.749486653
1.534782609
0.741022851
0.318699187
0.026871401
0.08168028
0.003095975
0
0.194029851
0.309966216
0.076612903
0.155778894
0.223055295
0.435576923
0.255760369
0.137295082
0.393356643
0.212290503
0.212903226
0.021126761
0.413711584
0.614779874
0.175977654
0.540889527
0.773641102
0.296600234
0.283975659
0.223908918
0.241500586
0.189823875
0.311409396
0
0.114634146
0.072793449
1.125840538
0.142620232
0.373617694
1.179347826
0.379143088
0.144117647
0.102864583
0.205555556
0.333887043
0.047619048
0.553784861
0.130890052
0.458440446
0.146250928
0.18118196
0.886671987
0.305695142
1.868200837
0.413509061
0.734513274
0.18735363
0.030075188
0.171794872
0.196759259
0.377009646
0.100780234
0.529585799
0.41632983
0.067234848
1.086896552
0.039487727
0.085603113
0.06969697
0.271276596
0.089108911
0.396709324
0.2
0.282352941
0.140295359
0.16064257
0.109677419
0.119205298
0.014534884
0.049603175
0.304347826
0.0625
0.05060241
0.600178094
0.093348891
0.185548617
0.154903758
0.109308284
0.113886114
0.220588235
0.069016153
0.239327296
0.519101124
1.73605948
0.522727273
0.447692308
0.383702532
0.602478551
0.47707231
0.499539171
0.506896552
0.103047896
0.173652695
0.152560084
0.153558052
0.163120567
