"x"
0.044537815
0
0.043910256
0.624454976
0.857142857
18.14375
7.249532872
4.107059925
4.613271889
0.624216418
0.631775701
0
0.567660668
0.477449664
0.105217391
1.375
0.476508135
1.807842566
2.403142227
1.349559229
2.254740741
0.374689266
0.838492688
0.009622642
0.0248
0.538198758
0.272333685
1.049346076
5.810408497
6.508471528
2.466837456
1.795614865
2.490882353
4.800755556
2.257028169
4.703757159
4.666838046
4.533859447
2.889186677
2.855714286
4.174909597
4.138089573
4.11877321
3.164334439
4.387395737
2.514687868
2.619408482
1.978421053
4.225448964
3.325546512
5.313342082
3.357890173
6.813340395
8.284819734
4.157867036
3.496532782
3.419137303
3.550734694
2.792578335
3.173863038
1.385229541
4.223672727
3.875470441
2.732303719
4.116479638
2.608971001
2.062223551
1.127771943
4.800545244
4.829133523
6.111421801
7.115443262
7.194855967
6.642548077
2.165628141
3.487772768
4.837243319
7.770134576
4.487891637
5.958508239
3.023940075
3.094774557
4.198708892
3.294188034
2.354166667
2.188508846
3.883025641
1.165848252
5.780279923
5.827605519
1.296582043
1.458126362
7.512826899
2.932236652
5.374193548
8.348181818
4.992027708
6.87621421
11.23829519
14.12717033
7.018122819
6.010429799
5.213230466
7.085734564
6.516820513
6.34011893
6.474655797
3.345762712
5.193933934
1.955190713
5.940614251
5.434641235
5.151697861
2.275598124
1.916915995
2.934260563
3.729236277
5.124831683
7.251075269
2.053094463
2.343814815
3.3657503
2.719678112
2.094331288
6.339350649
5.131249024
1.944143713
1.153903654
3.456671035
4.860434132
2.745266667
0.72
2.37325779
0.95825361
1.684459339
1.761469428
4.306103448
2.790243572
2.683586207
3.493665158
3.761410392
6.50153527
4.258910369
3.098717949
8.522082245
9.107476247
2.651498527
5.990083488
5.797741764
5.811471572
2.748365879
1.183012912
1.474479718
1.807577855
4.525837563
0.99385159
2.984235105
2.508425532
1.875732899
0.517299703
1.367242921
1.928144963
3.591142857
0.927629351
0.913195876
1.247842742
5.065907692
3.173074627
2.975866886
1.994065744
1.132561194
1.196925116
2.983388325
2.483261682
0.616074241
0.707131336
1.158156425
1.222183099
2.734237288
0.39748
5.453345865
2.542233333
3.046348465
3.523294798
3.061214529
3.024218566
1.169305556
1.445525424
2.892832512
4.624447368
3.95138587
5.67575188
5.78705588
5.074347345
2.723777778
3.608148148
4.099608177
3.076041083
1.727719101
1.236940382
2.587633712
3.252818336
6.0913127
10.63382632
3.4058125
4.103661017
3.235449102
4.316741877
4.983910035
1.991440397
2.26855102
0.436287671
1.705758641
3.482249135
3.88115942
6.023089261
3.891602649
3.45100434
3.420600255
1.733204765
2.592132583
1.091102362
0.745310835
0.495203252
0.812340426
3.235714286
5.273167358
4.203457096
4.008829493
4.876664265
4.057674419
1.795584416
3.078987784
3.388309105
2.39896648
3.029521576
4.392069717
3.882796486
3.552765957
4.511688596
5.272932629
1.876159903
1.12614576
3.123505976
2.615190887
4.454722049
2.430628466
2.967774359
3.032117647
2.450326481
2.278393686
1.728776645
1.196511628
1.70635796
1.284185874
1.384123059
3.252660418
3.419259259
4.579877642
4.147489598
3.490163205
2.522251163
1.653582843
1.601030422
1.835104364
3.229800995
2.195418883
4.563434555
3.903739224
2.246349614
1.052517986
2.127994269
4.215983225
3.352045105
2.578253742
1.792484177
1.296753247
2.191504237
2.949312581
5.690994065
2.926320401
3.633182898
6.653178718
5.151933702
4.229404494
3.747928903
4.861396396
1.953737113
1.301414141
2.654814815
2.092873563
2.118156342
1.679439834
1.673620474
0.9999509
1.937997347
1.403051948
4.5289
4.617514595
3.279492754
1.505202312
5.508133803
0.65078341
2.936613546
1.21932299
1.648400598
1.275055487
1.904691517
1.354565538
1.077176703
5.713533163
3.819459459
7.940608696
6.795441989
3.718366972
3.002752294
5.76024024
2.967252252
2.839701987
1.753822526
4.269828571
3.020657534
3.195058978
3.183922559
1.579463519
2.569441624
1.361222222
2.686237113
4.082119914
2.463774834
4.864064327
4.090706714
3.955279642
6.352666667
10.617393
3.20873913
3.928519856
4.910942761
3.661308824
3.954067496
1.313802243
4.276476427
4.381076923
8.528080134
5.275522621
5.966472303
2.37638806
4.382536765
1.043531746
2.80221875
2.882431457
4.04059492
1.96239819
4.299927361
5.135900298
4.321505832
2.98094964
2.646461889
2.081200608
2.03439779
3.408017699
8.526120448
4.40433832
5.954316109
6.344268808
3.633397436
3.804682441
2.617980769
3.443978349
2.380469043
3.205589286
6.174131994
7.624658793
3.029988999
5.403939394
5.476076807
3.182274959
1.162219804
1.536899863
1.547214912
3.684205052
3.177610209
2.852865672
4.666152074
1.349271949
4.543047859
1.975689046
3.007746171
5.334077556
1.25880303
1.270222222
3.247992126
2.36641958
2.75420339
4.43490099
1.5531
4.724168675
8.688854626
5.487342193
2.992758186
0.625615711
3.390530303
4.650449438
5.822351916
3.523465086
5.926618852
5.741190476
3.51088916
2.750721063
3.446722561
5.875975422
0.879752381
3.08790483
1.013888199
2.636662338
2.203529412
2.807973274
4.815508197
1.940254403
1.042915012
2.059765568
3.516957547
2.402592251
1.722363776
0.824350282
2.404380734
3.316348774
1.570981257
1.339593496
1.853202417
0.857072368
0.755218182
7.871383148
2.104797386
5.008869396
0.80481681
0.944061208
1.145438449
8.425135722
6.937031019
5.909738134
7.429551515
5.030750436
3.378920742
4.255749656
3.0784329
2.087236395
3.493792872
3.170512025
3.623312808
2.836661631
1.529828722
4.130419287
4.764557377
3.739670886
1.943123324
3.155473568
1.60854927
1.375243161
1.489926591
2.036008889
2.712526882
3.611428571
5.931522533
5.481526846
5.333135755
3.097246753
3.387041667
1.966946309
3.434240838
1.136512509
0.860498915
0.943010033
1.296041413
2.391434426
6.543696538
2.358353846
1.057080666
1.515907821
10.24781443
8.728627838
13.47534806
4.861058973
5.881710859
2.105215563
1.979332443
6.014557166
6.85856383
11.57257089
6.14804769
4.973897937
8.743571429
3.968199811
13.29083884
17.80622481
8.028081181
5.094690189
3.472096317
2.83827957
2.111555556
5.286376812
4.683038462
4.581931973
7.479469274
2.857271635
1.008837891
2.240036298
1.640267516
3.074170249
3.257485822
4.304132841
2.940508083
2.139847095
2.27727459
1.809220183
4.916235741
1.770570687
2.160761421
5.294984568
7.575070994
4.776880383
7.995042017
4.213697383
4.178937008
3.443060498
1.06723824
2.003372229
0
5.015460589
7.378877551
7.182293314
6.752459954
6.126567077
2.138841743
1.900082353
4.924530046
5.109361702
9.940525526
5.384297082
5.210609272
8.011701493
7.495953905
2.685238095
4.166403101
5.657539027
7.68645479
4.435903614
2.892026769
11.87259811
11.2380733
4.913646154
6.400326087
6.772338787
11.83013189
9.923488024
9.491720588
8.365791711
5.692026578
6.342535088
12.39206897
7.130979381
6.455012658
10.66009434
2.60331758
4.343604767
4.465597595
6.415755258
7.800473011
10.23554355
6.047324974
4.669001314
6.095394737
10.31091854
9.541411043
11.38974926
14.87466667
10.34411582
6.920718157
6.253330237
6.265028112
7.96351733
3.124218566
2.985121495
6.966628308
5.38726477
6.0509
4.706785714
24.65181384
18.13479196
15.57931097
11.36828625
10.59751128
7.858033764
11.64438471
6.808482328
6.291217656
5.61727619
7.544765507
15.48794712
21.03923077
18.7840644
11.70101032
14.77326203
7.665787321
5.198245315
5.480183824
5.212391714
1.734399142
2.801487805
6.468761905
6.037927171
9.540828402
7.155201005
11.83936348
3.75931067
5.749349693
1.790110803
3.858874074
2.490590062
0.879463221
3.023078704
5.56245509
3.950521327
23.20059497
12.54698765
10.50540197
12.74298887
16.0187875
11.93521739
9.747449664
7.716123348
4.18596817
12.90744413
14.92471642
16.94975362
21.91872214
14.63498175
12.25120553
8.319068901
8.735872832
8.268336864
6.097166667
2.914181326
6.734569536
20.03230769
16.71772517
13.86504065
18.05897436
17.77715877
10.66203875
11.1426945
6.793479452
9.670408922
13.12457098
8.081039823
4.823869048
8.678873239
8.941624365
9.761367292
16.61336898
10.70769826
12.29639402
9.254143646
6.510276817
8.921818182
8.446842975
8.664596273
6.748166259
13.97777778
10.26119403
18.60301508
12.1909375
15.75583333
15.59487138
12.66658691
14.85348226
12.81803877
4.303310105
4.986224944
4.428232044
15.49425486
15.99289627
12.5794
13.09243243
23.22735346
17.22632153
4.697563107
10.32313447
12.42156383
12.39342437
11.10116487
9.044840989
6.460674157
8.455872483
11.28
20.47235294
20.38958409
19.85721382
17.54191083
17.84488121
10.48491749
10.37928315
7.804927798
6.061977401
15.71365639
10.67418546
6.090517241
10.40955631
10.55748529
13.6182563
9.687598566
12.43269006
16.20598377
13.31473881
10.76626609
8.669586777
15.1018314
14.77717391
14.94106383
12.01253061
15.12838542
14.34424558
13.78179795
16.7097767
19.77751756
20.32211878
13.49936957
10.3083376
8.938202247
13.89102119
22.71892857
23.45341615
