"x"
0
0
0
0
0
0
11.68666667
14.32
7.26
0.6
0
0
0
0
0
0
0
0
0.856363636
2.7
7.475
0
0
0
0.51
0
2.95
10.43571429
0
0
11.28125
13.28571429
7.00137931
8.476263736
8.226153846
2.411111111
14.5
2.644117647
8.090909091
0.4
5.81
14.50833333
12.025
0
1.028571429
0
2.38
7.44
7.442857143
9.577777778
9.309090909
9.666666667
9.666666667
0.9
0.9
0.225
4.518947368
4.341176471
6.648148148
15.13333333
0
0
2.54
0
4.55
7.29375
1.511111111
5.911764706
2.065142857
2.532884615
7.9375
0
4.5
7.95
16.5
0.2
0.3
4.530232558
0
0
0.3
6.511764706
7.165625
5.044444444
1.05
1.251666667
6.8
14.36666667
2.076470588
2.328571429
18.14285714
0.163636364
12.84615385
0.904166667
0.647619048
0.54
0
2.266666667
2.725
2.8
1.854545455
12.11818182
9.470588235
6.860857143
6.702898551
7.371710526
8.839534884
1.8
0
0
0
1.09
11.03452381
11.58264151
8.523776224
7.825
18.95538462
13.70915493
16.57931034
4.792857143
9.714285714
8.023076923
5.551515152
1.445945946
0
0.5625
22.10625
43.1
2.54
8.03030303
3.6
0
1.061111111
4.788888889
3.048
4.72
11.28888889
4.144444444
4.093333333
4.271428571
24.41428571
16.108
12.811
2.680769231
3.36875
9.818181818
5.861538462
13.61869281
23.41091185
15.75966346
2.210357143
3.121666667
3.464375
2.824
7.220666667
0.8
21.49583333
12.64705882
6.914857143
5.53433121
7.138823529
12.57777778
0.163636364
0
0.68
17.48181818
4.416666667
12.97730769
3.630769231
4.87721519
4.079503546
3.635538462
5.816616162
20.48870968
7.498076923
4.941509434
6.77
5.807627119
2.735238095
7.489268293
6.458076923
10.09395556
11.39830303
12.60425206
5.401253431
5.871372549
5.539820628
4.445733333
4.076349206
9.804601227
7.258238636
8.738313253
7.791257485
7.994076923
10.54552764
12.56228972
12.40554878
8.349679144
9.254477612
7.176547619
5.372222222
11.38540299
13.69503623
4.68372093
6.368333333
10.39204545
13.15926686
9.975278592
6.205051354
4.83636971
5.415
2.348592233
6.73751269
7.877134986
11.0668523
4.776666667
6.84408046
9.390263158
5.513796296
8.111450382
4.678976744
5.12535545
3.566493506
4.046465517
6.501993865
7.979230769
7.803350785
4.8966
8.833961814
10.86387541
10.07385523
9.104637917
8.419741651
10.80737721
10.79993569
9.158508772
11.8663764
12.87442438
11.26497525
19.24457983
10.81546282
11.89483193
11.31177093
9.913158879
11.81822835
16.10784922
10.37056022
11.90987784
5.503889602
9.813603448
9.339196787
12.35180451
5.874493827
7.611641949
10.22759953
16.49507246
12.87438735
12.86381546
13.27100134
12.52646447
7.268187023
10.72011029
8.808277154
9.333837838
9.563320611
12.9001676
11.01489964
16.7143557
8.507993631
9.139492063
7.836054591
3.729457627
3.411588785
9.490402299
10.97320158
12.50212644
7.988185185
10.66926391
10.59162483
13.91338498
8.952516129
6.774705882
7.464398564
8.19802381
8.961544402
12.93907173
12.04563348
6.460214592
5.702885572
5.546715328
8.174755839
7.221816578
7.727528604
10.12396104
12.62720183
6.495387931
3.918415094
4.550403587
2.269767442
6.505
12.8277551
24.55906883
18.5974026
13.56189944
10.1380203
11.22083551
11.32229391
10.97775591
9.430895522
10.66
9.087738095
15.16236842
6.305479452
10.5515625
4.550408163
17.72153025
12.08934211
14.57123529
16.64921875
17.76810811
5.688113208
14.05275362
7.707692308
7.477412587
3.842509804
6.077916667
8.366509434
6.16580402
5.776881443
6.144224344
11.91688776
12.38704615
14.21027972
13.46442857
13.52022642
10.98265207
6.996266667
7.621116751
7.044307692
7.569081633
6.832883895
16.43704301
10.58355372
15.66284404
14.60747475
15.93714894
5.374578947
6.85638796
2.680060606
3.921924686
4.276804734
12.43705479
13.36386364
13.76682039
6.232316258
12.83467033
14.20141553
14.87871429
14.72048458
16.55516129
14.24040541
11.14782609
21.21693767
24.32116923
11.63401606
7.59534188
9.179207921
13.13605735
8.162946058
10.50906433
4.37827957
3.510961538
12.39236364
13.08889503
15.1230343
14.59362934
4.476136865
3.167427536
2.373578947
8.919958159
10.45066986
13.11080402
15.22741379
11.37337209
7.573855932
12.19394737
10.61654391
8.240992908
18.5306135
2.849776536
8.883955224
18.03731518
9.149375
15.6356701
15.95047619
15.23715328
22.8571261
24.91487324
25.4162766
14.50698324
8.937083333
8.159748744
10.49280992
16.97468085
19.79133891
11.21471264
8.10497006
5.912095238
32.24785714
31.17671053
30.02304498
10.99599078
10.45481283
13.42151724
14.64502538
6.982198582
11.08166667
14.22446237
18.93368132
11.75614035
11.55946667
28.45108359
31.28878505
25.87317073
15.14485075
13.83231527
11.18143293
7.890606061
8.360291005
9.290918114
8.33856305
8.884485294
8.17192623
8.786807018
22.87433498
21.51646512
16.24897222
13.52376271
16.60794805
17.94558
21.8126699
30.74346354
21.76650794
16.44997222
14.91363354
12.80119863
11.60214099
18.98916399
14.43161111
11.89812121
11.82735507
10.79734226
12.90831904
16.25259332
14.5853
14.33012255
11.93793388
15.59714286
17.65606695
20.34088283
12.77082892
13.11477011
10.45167336
11.64311532
18.88880992
18.80777778
20.85579416
17.19210835
10.17198165
10.15478346
13.06991259
13.34491446
10.8783758
8.287109375
17.6729878
16.80296053
17.67309168
20.7943083
26.53702602
30.36471545
33.8560199
29.55695652
20.17283757
31.05082633
36.63752412
36.66168357
42.60460606
35.88205776
43.21675485
41.35278049
31.01758621
44.34538462
36.80585915
27.75391414
36.11530043
43.32700893
36.96724747
22.30007614
17.85624254
18.79819853
25.01827381
6.7396875
19.30555556
24.04990066
24.2146627
14.1261553
27.39854815
19.46860902
18.28977413
16.24734607
15.15467391
15.36559441
16.22344203
18.49739458
17.53724426
13.57722117
21.74093939
22.05992832
20.29339286
17.19133333
17.97842105
16.97494577
16.27813793
16.36248311
15.34448127
13.94514839
20.67459507
21.2
16.93547445
25.09196286
29.55535211
22.96439114
24.55721763
27.24824034
29.86665865
30.05659119
27.71667221
29.08912676
29.31077982
28.61734491
24.67477193
21.49954436
25.69634211
15.13622093
18.64521845
17.1974359
9.807205624
21.39351852
21.10246014
24.25773762
26.27816165
19.89413093
24.42053165
32.08570332
36.40556503
23.35755294
24.34810811
18.81754561
23.14659854
19.52252252
26.29
21.09757123
23.44130795
15.56455142
16.69923518
19.65744318
21.22253707
25.0325
23.34774545
19.89108179
22.31960042
25.0174216
36.44011905
26.33574514
26.59885468
24.64739617
18.00646859
22.06578616
19.09590818
17.16483871
16.3106308
17.43461071
14.07563415
14.5035461
13.87446712
11.36399015
15.65707317
18.05808973
21.99745308
21.71633379
21.83918838
20.15805589
19.96360987
16.62685005
15.59031459
17.59833671
19.34355865
18.85874016
16.12329159
12.37113586
13.68747826
27.25789189
22.70307571
18.18242902
16.60724928
14.05
12.64981416
15.26087163
21.22483824
21.16627702
19.73756906
20.06148344
18.92340708
22.3202695
19.68615276
18.18419897
10.64435897
10.202225
11.73454294
11.46321429
13.31777985
21.69998998
19.89268949
14.31681115
14.75547569
22.87796785
26.9371161
20.33963235
18.79891278
16.88317161
16.19562343
16.95959004
14.74886831
16.33205414
17.99837113
16.32464497
16.32052419
17.69735269
16.9568054
16.0287949
15.06748853
17.6109621
15.97744186
18.23110559
17.76570667
19.64211163
18.65538043
16.2288785
18.80369231
26.73
23.73216485
19.22279115
16.78483537
17.05253846
15.66637691
13.4787027
15.19523095
15.72893401
11.88179044
14.22136598
17.39253333
20.11347435
19.72936477
10.5272586
12.46752475
11.73298305
12.87340014
14.89168317
19.94122587
17.00060999
19.84585824
15.19986689
18.327952
21.79234136
22.98675403
14.24324463
13.28749518
11.49109831
11.40903125
12.44203209
20.03331749
18.30604415
14.05268199
14.24891583
19.2890161
23.71097235
15.68668977
20.59652174
15.13768503
13.76265396
13.18501259
13.21623041
14.513711
19.56285228
20.89918415
21.0381294
24.54844011
19.58280036
19.44790468
22.17095324
17.5585783
13.02346317
9.095038852
11.62522468
11.79838846
11.76476687
12.94334254
8.563914657
11.25267068
13.75533482
14.09553724
15.06583741
12.63445498
10.39022936
9.746310006
10.73842014
18.84617414
15.20446262
14.97587588
12.41121365
15.19492913
13.30166828
14.73580902
16.03306439
15.14002404
13.39305073
13.30514089
15.91674267
17.27480752
17.77444075
16.42171474
16.04604486
