"x"
6.183333333
9.728571429
5.82
0
10.47692308
0
0
5.044444444
0
7.455555556
14.925
14.19019608
12.43181818
14.29444444
7.097530864
10.58448276
15.44611111
8.623694779
4.982
12.39883721
16.14398305
6.666976744
7.195767045
8.884175824
7.306758621
9.778102981
11.69556497
9.378423586
7.557902299
7.261627907
6.600571429
7.135884774
5.890845771
3.991455696
5.032898172
4.267990074
4.357927215
5.092413793
6.011995754
7.124453782
6.61728972
6.097560976
3.427777778
0
6.01875
5.402169811
3.5609375
3.058472906
6.53372093
5.484676471
4.586304762
5.626428571
5.291160221
4.323076923
0
5.62
6.022727273
3.271856287
3.782781457
4.01166405
4.8157
4.317994467
5.876443812
5.333972081
6.863046544
7.81440678
7.062865497
10.34961832
5.597076023
5.570817942
5.189890378
3.802712477
5.874265976
5.098436278
5.452292994
5.998151365
5.598621622
7.620740741
8.849382716
9.553676471
8.101351351
7.742307692
6.220882724
4.259894921
4.039667431
3.735768742
4.924265176
8.023692308
7.483255814
8.700714286
10.09662921
9.584514436
5.615577889
6.508646617
6.254846336
2.935294118
7.005655172
6.526254002
8.316645327
7.562061503
7.199407115
7.290740741
7.38
5.4
3.6
18.1
0
0
18.1
9.323886139
9.285690236
10.42686895
10.25698061
11.6954955
13.0702509
10.91449275
7.561904762
25.22
21.31875
34
8.879977117
10.28176661
10.07826923
13.57731092
13.74045175
15.65841584
22.64175824
17.99567901
13.17428571
16.08235714
16.03435754
19.3952381
10.68783769
9.783947681
14.874969
10.93545291
10.64369115
13.71911765
20.56802326
14.66592428
10.55141153
8.3273903
9.969571046
6.670735294
11.32521008
16.26563855
15.97713459
15.32253086
11.25997549
13.49323308
14.43209877
21.89217391
14.15126812
10.57765668
14.4810119
9.380808081
15.51297143
15.51852986
14.19326639
10.25827922
12.47434555
16.9901566
19.43772242
19.47707895
16.39545259
18.20940594
10.91088435
10.06191781
14.70736202
10.46574005
12.49077509
10.32101351
12.79702703
13.51275316
13.64908537
15.25439856
22.44040441
15.98509213
16.71746641
14.49454545
13.62832705
9.329331514
8.550187075
8.451315469
7.729421296
13.92585859
14.21389776
16.11011236
11.71076555
16.45335753
14.89243421
11.47703704
13.83464485
10.42605505
11.54308057
11.75755635
11.33479212
13.94607088
11.64740634
11.73926868
24.44444444
17.34133825
10.97766323
4.810416667
11.00657534
14.93561387
12.65256906
12.67832009
12.61284768
16.39851752
16.57202186
18.48409915
16.26816879
20.3651801
17.3906015
22.29285714
24.70620155
10.88571429
12.07076923
14.02521739
12.22935049
14.00619572
10.33995511
10.40883384
10.51309524
9.271001495
9.14452381
7.083006536
10.79261364
9.178405797
9.2025
7.978636364
7.727848101
11.71105691
10.64842105
10.50625
11.66875
11.4878089
10.06461538
10.16470588
13.19736911
7.717750343
10.8178139
8.521549165
9.70059322
11.33409766
9.931289833
8.195221239
7.464878049
7.68561753
8.249144487
10.67881443
12.44498837
8.366812412
9.817020262
7.167524558
7.786899225
11.89512088
11.22265786
9.847419712
6.622257426
5.962373626
8.236189427
8.978218623
9.816028037
12.33985577
10.02046943
7.733442029
11.37319298
11.1789172
9.661126761
8.110289575
9.826100196
7.502958057
6.93287796
14.82218688
11.02199695
9.414992026
9.610956429
8.329152249
12.31486692
10.4830663
10.47127962
9.923809524
9.189051724
6.982629482
9.765436893
10.74969479
11.2268523
6.67582716
4.937707641
6.357974138
9.67340081
9.264153846
10.76690962
7.993800905
6.7025
4.475963855
3.717747748
10.37477564
10.7015655
11.64699029
8.675952381
10.44025559
13.20503484
12.55864567
15.0694941
13.0569837
21.49751773
15.05358744
13.34206369
14.62347639
16.86793515
14.58332609
13.81113244
13.54564047
16.89021608
20.61366626
18.48017699
15.20245598
11.09536626
14.18906048
13.61082147
11.8454993
12.59493213
25.19380668
16.07509804
16.19142145
18.55797085
17.69025845
16.59929293
18.06710247
16.88109034
18.52970213
12.65035768
23.25259146
19.43547511
16.56698795
14.89634749
14.60947633
14.72409287
16.57246018
15.08264298
13.89552239
14.41040541
12.57621592
10.99914812
11.54214368
11.88272401
10.83934337
12.38899329
14.38159067
14.63350446
12.52398381
13.50590414
14.61521968
14.25648101
17.83326809
13.541928
14.09780063
14.51697259
12.73311848
14.2346167
16.36079667
22.27724106
18.18221768
13.55105954
12.74073379
14.97311231
14.05598765
13.62106034
15.61308738
15.13886792
16.55883657
14.06383681
13.47933014
15.87219814
21.95150313
20.98389365
17.33262905
15.84627696
14.12075697
15.00822251
14.54118863
13.89640303
13.47060976
13.72836858
17.3497994
18.68310069
19.19740402
19.16603062
19.14838811
15.55402697
17.78404393
13.03497712
10.45086551
13.84591398
15.01967437
14.91582364
14.92531474
17.25243354
15.86089972
14.93681514
16.87873054
19.54207254
17.76383425
13.3457969
18.63831622
14.56398844
14.74967066
15.17047215
16.71409779
15.99883978
15.94230769
16.57656146
15.73729437
18.87968198
10.04607759
12.03336858
18.27139588
20.95223035
16.16440655
13.56057181
17.70552106
15.48878971
11.7634
14.45925104
15.14940426
17.05720695
17.32422868
15.39167085
17.54925606
18.553101
18.14458128
18.20035388
17.46929521
22.85551948
19.02341085
19.7019214
21.08518836
15.94546748
23.04423154
19.13803738
16.71797909
20.23750349
23.13809935
23.47478322
21.05500938
17.87906393
17.11854167
20.02397727
14.77781377
19.69861582
17.52511962
14.1341094
13.89789474
22.42067308
21.15404643
18.65567219
18.06169444
20.55586002
15.7240919
20.99556017
18.29950931
14.4211244
12.74977551
11.93532453
14.84529499
16.11176707
11.68918103
12.53648841
14.27686036
15.69978484
16.30828402
15.39527745
14.64690621
14.63513238
13.19710059
13.35395789
16.28256198
17.93251755
17.16125616
15.46682403
17.56915929
17.20810155
19.66825784
17.89133333
15.40491961
16.07981839
15.66183882
12.34021403
15.72
18.95037975
16.91382646
16.75250836
16.75413712
21.63486005
19.87461774
17.09100529
15.54952471
15.34412331
17.31444241
14.35393258
14.4225
21.53942857
32.03945372
28.04328358
26.62044818
26.5673913
26.89015152
24.96948819
26.31445783
19.94054054
20.48151125
23.83870968
28.10958904
29.25439625
26.33547794
30.9609375
27.54067971
25.890625
26.78967742
25.01382488
22.79866889
24.21724138
22.15873016
19.24459016
26.37037037
22.53214639
27.27850038
19.98078243
18.30520394
22.19150943
27.38616071
20.75477099
17.47240915
18.18765638
16.23913043
14.15816327
24.24448217
19.64943253
15.81468218
14.22641509
14.93385982
18.62987552
15.18465656
15.00940439
12.97891566
13.33073171
13.19394619
16.06900726
34.35057471
18.82939759
14.17777778
13.58834081
12.36632997
13.90679748
15.63464837
14.17099749
11.59574468
16.47249191
12.32991318
12.97306397
16.121875
12.50909091
10.75672222
11.88633461
11.00272109
12.09164733
13.05185185
10.2877292
9.995230525
10.829233
10.02937853
10.25538972
9.809248555
13.88311688
11.5488189
10.136897
12.16088061
12.43181818
11.92769441
15.07325383
13.57662338
10.96612666
9.482959268
8.518776078
15.84732824
14.56882821
11.74571918
11.51235231
12.07187894
13.01949861
18.56338028
18.11904762
14.75118483
10.68139535
12.2880829
12.68959276
25.5955414
20.81659973
15.97402597
18.4336989
16.87567084
15.03642671
18.62537463
15.81495327
16.70186335
18.30664858
16.58468085
13.55716586
14.64923077
16.64390244
16.99914457
13.77630332
13.56702748
14.04600484
13.38150808
11.99107143
10.08732694
11.78449409
11.27456446
13.04471101
19.80612245
19.04761905
14.47216036
12.28708645
10.79503106
17.04517454
15.03565217
15.2132753
12.3300813
12.82917466
12.4924154
12.74613003
18.57857143
17.7630597
14.97972973
14.24092742
13.55376884
20.54826617
15.77403846
12.37557604
15.98770492
14.37937063
11.71927374
12.05
15.06338028
13.55555556
13.58097484
15.68156425
14.76829268
14.06552494
17.55099648
18.5
13.4800759
14.66002345
13.20939335
13.5114094
14.09836066
14.72195122
15.38125569
14.33237272
18.04643449
17.27725118
17.62047101
13.55941795
12.4254902
14.3984375
14.34027778
12.88870432
16.13756614
16.69322709
15.77711294
14.16623822
17.81662955
15.15163297
13.62649641
11.44304858
12.17468619
14.55354201
15.82300885
14.88056206
14.60902256
17.24358974
12.17939815
11.53456592
13.30884265
11.84911243
14.27485853
13.65814394
11.56275862
11.09498399
12.76264591
12.04848485
17.91489362
13.07920792
13.89579525
11.74146341
16.11294118
10.77953586
8.550200803
12.23010753
11.23178808
12.74127907
12.9047619
13.23538231
14.54861111
14.8
15.21816563
15.71878646
14.3514719
16.7268561
15.1323655
13.02897103
12.60416667
14.79295154
14.26002587
12.80224719
17.23791822
15.53846154
16.68384615
14.71518987
15.97998093
14.61992945
14.36774194
13.77586207
13.55297533
14.23353293
17.2737722
21.01498127
19.40425532
