"x"
0
0
0
0
15.4
0
2.173333333
0.9
1.08
1.8
6.721052632
0
3.933333333
0
0
0
0
0
1.440909091
6.4
1.808333333
0
0
17.2
1.28
15.4
0
11.46428571
0
0.45
2.15
4.85
4.12862069
2.466263736
4.403846154
4.133333333
3.6
8.284705882
7.090909091
0.911111111
4.53
2.266666667
1.3625
0
1.814285714
0.45
5.780555556
6.88
0.842857143
3.322222222
5.272727273
4.533333333
1.5
0
0
0.225
0.964736842
0.320588235
0.437037037
0
0
1.35
2.18
12.7
4.55
0.186875
0.3
1.6
2.830428571
2.193846154
3.4
9.5
0
17
1.98
6.455555556
0.45
7.546511628
0
0
1.2
1.329411765
5.595625
0.4
0.75
3.13
3.975
15.71666667
8.752941176
2.985714286
0.257142857
0.990909091
2.792307692
10.39166667
5.14047619
6.17
8.55
1.816666667
0
20.29090909
9.818181818
17.14545455
3.552941176
1.148257143
1.839130435
0.982894737
0.71627907
0
0
3.266666667
9.8625
4.58
2.773809524
17.65698113
7.468531469
0.9
2.175384615
1.561267606
2.343678161
1.35
0
2.723076923
3.763636364
10.81081081
8.275
22.1125
3.23125
0
10.32
7.396969697
1.424242424
0
2.154
7.4
3.044
1.63
7.255555556
10.27777778
1.75
21.91428571
4.928571429
3.16
9.808666667
4.603461538
7.5625
2.418181818
5.269230769
5.468823529
2.145805471
3.767596154
4.096428571
2.765
6.83125
4.136
8.4025
2.555555556
10.775
11.14382353
15.51028571
14.47955414
6.376352941
4.631111111
5.272727273
1.8
7.035
4.045454545
2.116666667
5.860384615
0.7
6.555696203
7.380638298
9.675038462
9.618181818
6.328467742
2.535769231
18.15849057
5.983333333
12.93118644
8.801904762
1.756585366
4.204807692
5.311733333
5.177151515
5.622143698
11.54932296
11.82892157
9.286816143
9.896866667
11.53198413
13.79582822
10.718125
16.38542169
10.95508982
7.621653846
6.360251256
4.082009346
3.901849593
6.282834225
7.051492537
7.650119048
8.945726496
5.151910448
4.516594203
7.13372093
9.055897436
6.238022727
5.072913001
8.785395894
8.118935574
5.619376392
5.620702479
3.787718447
11.74360406
7.330440771
4.33377724
12.835
10.20166667
5.675423977
6.071203704
8.972977099
6.402232558
7.228957346
7.617987013
7.211810345
8.247730061
5.37040724
3.486204188
5.5413
4.894844869
4.609911797
4.214500393
4.355410903
5.938380592
4.065451866
4.73096463
8.828011696
4.94241573
4.407155756
4.488787129
4.129285714
4.014537178
3.919957983
3.183099134
2.57164486
5.874015748
3.516341463
4.647086835
5.022582897
9.000872914
8.320758621
5.299799197
3.134360902
5.924419753
3.777680085
3.465257611
2.985301932
4.26972332
4.603441397
5.775073431
4.282357019
5.112538168
5.905404412
6.431273408
8.474432432
5.830839695
4.485446927
4.525118613
3.078775293
3.975875796
4.185222222
5.591389578
4.019254237
3.413239875
6.575977011
6.224031621
7.088390805
5.154925926
3.635062837
3.143949802
2.488021454
5.474408602
4.793014706
3.788007181
3.595642857
3.90965251
7.41443038
4.773303167
5.895064378
6.614875622
5.361277372
5.025477707
4.33633157
2.479679634
2.108225108
3.037155963
1.899137931
1.723207547
2.163183857
7.120930233
2.685263158
3.604285714
2.878340081
4.092943723
2.823519553
2.452309645
2.930287206
2.162903226
2.50011811
1.524925373
5.996666667
18.02095238
11.37789474
3.469726027
5.1825
4.967857143
3.13405694
6.621809211
4.791941176
1.672291667
3.872972973
4.607830189
10.75086957
20.10692308
21.02426573
8.93227451
12.77821429
6.637358491
5.719748744
5.118273196
8.118663484
5.522806122
7.320123077
9.947902098
18.5822
14.68924528
7.603357664
5.757244444
15.45730964
15.53130769
10.68479592
6.449625468
3.962258065
7.578553719
3.765366972
13.41823232
8.819702128
8.083684211
8.303076923
6.161030303
6.685648536
8.787100592
9.496438356
7.441461039
9.054247573
11.89120267
9.964505495
12.05611872
4.325285714
4.803480176
8.623225806
9.58527027
8.362173913
3.997479675
3.436061538
4.091164659
11.86311966
8.125990099
10.81870968
12.56439834
12.66309942
9.867677419
11.66543269
7.920666667
12.08966851
7.625382586
7.946525097
10.89540839
21.2390942
17.74487719
11.22029289
5.069521531
9.638542714
12.76837931
7.212248062
12.34682203
9.611666667
8.053399433
6.132907801
6.495766871
23.08195531
8.70988806
7.720233463
11.60734375
9.097835052
4.746277056
4.005036496
12.30891496
6.060338028
8.393262411
5.030502793
8.47175
5.435628141
4.07322314
2.122680851
3.332845188
3.582011494
3.064670659
7.269714286
10.48719388
12.94134211
8.977612457
6.669815668
5.988449198
5.280068966
4.771573604
5.23822695
10.06866667
4.35655914
4.977747253
10.78710526
16.1708
10.07560372
7.570436137
5.705609756
6.611716418
4.631428571
3.032835366
5.758598485
7.04962963
5.145657568
3.269765396
4.843014706
8.33397541
4.224035088
5.611699507
9.47255814
4.786277778
7.662271186
8.685116883
5.13442
3.050970874
2.658151042
4.367261905
2.383305556
7.855962733
8.70609589
5.522637076
7.411093248
5.319472222
5.364030303
3.769601449
4.708833652
7.657461407
4.887111984
3.4528
3.674117647
6.553443526
9.11889881
5.381025105
5.486131621
4.411957672
5.174971264
5.270307898
2.444922547
3.30614876
3.20258216
2.536670902
2.250087848
2.058385321
4.008385827
5.158758741
3.76192846
3.298280255
3.215351563
3.673922764
5.075855263
6.799360341
4.985612648
4.096189591
3.360536585
3.752189055
5.680173913
5.366536204
6.487072829
9.33011254
9.108924949
11.64436364
13.68389892
9.386931217
11.14856098
9.97637931
9.628076923
17.44419718
18.56964646
10.01019313
12.59321429
8.154621212
7.526370558
8.746739563
7.270091912
9.01047619
7.75296875
7.622916667
9.515
14.48373016
31.43587121
12.60037037
9.79406015
7.710123203
7.650530786
7.705543478
7.088846154
7.001050725
5.814292169
6.093590814
5.451663516
7.063272727
6.432670251
6.316364796
5.846354167
5.201894737
4.803709328
5.839086207
6.04660473
4.562204611
5.614141935
4.884542254
12.8
12.23720195
4.934429708
4.275516432
6.214464945
4.610743802
6.468412017
4.207740385
4.259069182
4.604359401
4.946
3.381865443
2.87382134
6.202245614
5.478177458
5.650092105
5.546715116
4.808616505
7.067492877
4.711230228
6.157407407
5.072824601
5.055354752
3.550491284
4.258623025
5.337037975
5.81685422
6.566609808
4.842352941
4.333575884
3.086185738
4.318905109
3.846846847
4.85941349
4.293080054
4.159519868
3.538293217
4.976099426
5.344204545
5.70523888
5.643014184
4.857078788
5.28525066
3.743480547
4.777003484
3.145833333
4.51062635
4.758103448
3.00715655
3.716655348
4.649481132
5.860139721
3.597177419
3.643580705
3.716155718
4.547414634
6.560283688
5.551768707
4.041096059
4.284313222
4.009363242
6.447399464
5.149411765
4.87504008
5.352709599
4.973778027
4.7002589
4.339189704
2.241561866
2.475487078
2.801089239
3.365008945
2.880400891
3.551434783
6.777108108
6.921388013
3.953170347
4.090816619
3.763467049
3.387389381
3.201790808
4.091985294
4.341489191
3.128692449
3.705761589
5.454004425
5.296737589
4.582984441
4.155439276
4.385384615
4.017875
3.783037858
3.479672619
2.752070896
3.346402806
3.268899756
4.027678019
5.216659619
5.989402985
5.619578652
4.855174632
4.99660693
4.583755615
3.899548117
3.445490483
2.802366255
4.713216561
4.646804124
2.635591716
9.913004032
7.421246798
4.687885264
3.275840093
2.79766055
2.292186589
2.266136534
3.410372671
1.990213333
2.657311628
2.277880435
2.450443925
3.689102564
4.1925
3.464587885
3.276217517
2.986208843
3.196009615
3.439916551
2.966735135
2.763660508
3.038612521
2.487782299
3.009587629
4.169466667
4.370594059
3.129268527
4.493307436
3.720468047
3.765889831
3.059169649
4.448811881
3.754353282
4.420006489
2.954312553
2.903477537
3.27256
4.367757112
4.041955645
3.275015353
2.55544316
2.514662058
2.90334375
3.388983957
3.540085551
4.232380668
3.518643678
3.458601997
2.839248658
4.768296164
3.117582322
3.3631917
2.62697074
3.069978006
4.656624685
4.505631336
4.707824302
4.742147716
4.096822067
4.488748242
6.895947075
6.234272809
5.145020542
4.288705036
5.448440934
3.822974504
3.990406455
4.358356808
3.98929627
3.181151947
2.526399632
3.506122449
4.108955823
4.36796131
4.416348055
5.361797066
4.522838336
3.266857798
2.902197802
3.517664931
3.205655233
3.867295561
2.903315004
4.389494311
6.209653543
3.455751697
2.778169761
3.425267649
3.206628606
2.61746996
3.838350515
4.389454397
3.744091316
3.537552602
2.772836538
2.732585596
